ITERATION	avg. EXECUTED	avg. WORST	avg. AVG	avg. BEST
0	36.55314412232515	27.582615053969164	47.08091625588623	56.44143121978991
1	55.466539457620385	27.381208835862804	47.22370778345029	56.884169144310604
2	55.9685264348264	31.05446517550786	48.19410820773094	57.27272684054252
3	56.02894449294861	34.24061979217831	48.984894614445345	57.26977572574443
4	56.420974770013494	36.87771862461383	49.727587519496794	57.50273837076543
5	56.33038087631087	39.00787647515307	50.31426419608671	57.58854106740874
6	56.17627285661333	40.640401977104254	50.7718969934967	57.582295373513205
7	56.67574296408438	42.24038820215952	51.26970458997064	57.74833267792952
8	56.10140488099278	43.460522028128494	51.56827787920578	57.60321457550984
9	56.65049114884549	44.6365965569166	51.952848250463724	57.7326390091067
10	51.001420296546506	41.081702759215645	51.174668351590284	57.42747251000341
11	55.739742269896475	42.5273216175549	51.52157782295032	57.6453268680404
12	25.709672068368135	18.349242976833857	45.96353048637039	56.33775104839417
13	38.45983983077651	14.592530145431104	44.048570230483875	56.03837481542638
14	52.45463851361098	19.100489613869573	44.96448215211135	56.58090536784483
15	56.094242896803166	23.990510196801015	46.34179933544805	57.38434067727532
16	56.547712716209155	28.133977861289402	47.48395037818279	57.642049734229744
17	56.47430320318235	31.542731090108184	48.416969862462686	57.8065704603204
18	56.45625558859915	34.39415622255143	49.18756979040169	57.812616758042324
19	56.31011895825344	36.53672697765299	49.8233036164306	58.0699329576602
20	56.63200973527676	38.67517316952189	50.39876976060314	57.99593288807034
21	56.57983676994395	40.41111810741008	50.893669087029146	58.05060467334081
22	56.84544611676803	41.94302015025328	51.36890279832642	58.17544815179389
23	56.56628371406406	42.996600892110436	51.709773699021	58.203683621631995
24	57.49644960269757	44.28534608777722	52.18627062251546	58.48217341874417
25	57.59321189808919	45.325957053829924	52.58653062774572	58.680356296910574
26	57.283448140795876	46.139914173240385	52.8513557047992	58.622013230294016
27	57.905409197041585	46.988642454708085	53.21765287896739	58.85800869950329
28	31.299213361925332	25.82340190040643	48.36887664906591	57.70253294548394
29	55.13420924495917	29.765359466198834	49.15942369455381	58.058006098238465
30	57.53190065024519	33.57719936706608	50.17152244929417	58.610644458243335
31	57.97865161799894	36.796908243229204	51.038073461035935	58.86520057247669
32	57.84433609321957	39.26910431210551	51.71177054762145	58.96840088257811
33	57.27329675102318	41.36476267303232	52.16959015973472	58.771677512334904
34	57.587477739378045	43.085768031753716	52.63450852444363	58.85835716403984
35	56.765680848297556	44.24938466549609	52.868666898744834	58.730558508954175
36	57.9387300674957	45.528807324449815	53.30716507396776	59.09617612086095
37	57.92390501945902	46.62293387479824	53.62497081367378	59.11036684791668
38	56.22500452641964	46.86864367971508	53.57482286747641	58.7270751495836
39	55.80054811108497	46.75155971754006	53.50273016607903	58.68001001520875
40	55.10689472635469	46.76267673221283	53.31163552928971	58.26236485318282
41	55.70036429497269	46.50815205452396	53.30502584763734	58.574140143554594
42	57.61306297469179	47.3741191130024	53.62158944579153	58.982465931243944
43	57.63136144972933	48.0522702226575	53.83294637665328	59.02900989685218
44	58.05574513364596	48.62919209114731	54.09094606407021	59.27297970949248
45	58.27718870938184	49.21638991336197	54.330811501421095	59.357995114476864
46	57.711425383909926	49.501279307837216	54.42649610428477	59.31990824505998
47	57.33889399488114	49.7057741543575	54.45249418588313	59.17565228707788
48	51.598784713932915	44.535124638588215	53.388137913826995	59.07424665631609
49	57.545517049869915	45.717439583501765	53.69967092971639	59.213053651279765
50	56.72678456651161	46.086157826150995	53.767328461119966	59.17037867087626
51	58.094173397364784	47.21581139969955	54.09397207276182	59.35395660335163
52	55.56391338550154	46.53194868970524	53.85640524554122	59.052696207422336
53	57.52866917173855	47.45150205173639	54.090206144519904	59.19846542711089
54	57.807058441234375	48.21991697930485	54.304673517491054	59.31888305695338
55	53.310889467149295	45.67832289404649	53.59888762189329	59.05717709000869
56	57.70887257725362	46.750834545115914	53.89601525923437	59.25429552096783
57	48.620059167985985	41.38148984649856	52.355913948947006	59.14030241486693
58	57.72585030834834	43.14102354102097	52.83672419006637	59.28585315629634
59	58.572249610205496	44.55568546721291	53.351639916523276	59.67185280389579
60	58.549366684633355	45.71617685819155	53.744290573989225	59.752270868190394
61	58.64839973077392	46.73348861394428	54.1045497086828	59.85737243207117
62	58.051199465301636	47.36274992499927	54.29309556358962	59.77021081079296
63	31.907235622254024	24.679207790295457	49.42072717038908	58.71443832308548
64	54.61780806332633	28.934517878930567	50.010438657703574	58.79264040345081
65	56.321881189303824	32.515938851089906	50.714477811640606	59.01043629252263
66	56.530802857197635	35.4181888044737	51.28612129434865	59.09855642809812
67	57.68037858252332	38.228463718244214	51.95483655885185	59.26259184281795
68	58.44815732446155	40.515338335509355	52.6317634396887	59.82272141177887
69	58.07833966111962	42.49407964093386	53.05723622262413	59.620756033132736
70	58.781946873505504	44.22148421560153	53.58370934910519	59.944893818373565
71	58.79289445335014	45.638762616267364	53.9886301379233	60.00784805629676
72	58.76792742514562	46.80642263375549	54.3273615968595	60.044402535426535
73	58.81396751360062	47.80606163417553	54.6250982073344	60.10608670931769
74	58.167192813456474	48.385454490426426	54.748450697517896	59.97857195887452
75	58.90575238423575	49.13309855729389	55.023591137544386	60.18035547545127
76	58.922475666381466	49.81377104950937	55.23670373394971	60.20203584411433
77	58.58044368152357	50.162141841411874	55.35049257823751	60.19590477295735
78	56.38720985646605	48.27043502267841	55.02833731466685	60.241352447550426
79	59.04411281057639	49.15728846596353	55.28594456847804	60.31061072387759
80	59.53647771569956	49.87719754828806	55.59147897142271	60.6863160722851
81	32.4240302809433	26.78947178747196	50.573462182818766	59.6370243364623
82	56.376121815044485	31.225674128034044	51.30148404044149	59.758007329953365
83	57.16235950606877	34.69879594781759	51.93972584633972	59.84496725414617
84	58.00397580781257	37.84979720205404	52.601724053295435	59.922832401228334
85	58.14237994985711	40.42738519317666	53.149016219219796	60.04293484864781
86	60.71113246488108	43.022646353184676	53.85223831955213	60.818809237324714
87	60.83500535791999	43.016618923151206	53.8554775436683	60.88192828392459
88	60.889447314539694	43.014615511669376	53.85698134979359	60.91096666134618
89	60.90455332628644	43.012974219285226	53.855698682782794	60.91867574330116
90	60.911903988349074	43.01195872661014	53.854344331793115	60.918944857656555
91	60.914819366055674	43.01083542019494	53.85351923347315	60.9202282710085
92	60.93151827550255	43.01025477523498	53.85577723437267	60.93504936207824
93	60.93150768085212	43.009926878477984	53.855068898125445	60.933742446721354
94	60.93275099121428	43.00966300445343	53.854870607024935	60.93435999252049
95	60.93230327032729	43.00932075751501	53.85445926258629	60.93390773287517
96	60.933796037515016	43.00924586019743	53.85443692351657	60.934658116559085
97	60.934623515717824	43.00911550833339	53.854430003348	60.93549053415336
98	60.92915595598461	43.00894450839934	53.853163087708424	60.93018536683541
99	60.937235647773555	43.00880310546341	53.85457314389946	60.93809148411102
100	60.93066792948388	43.008650659416205	53.853088432974154	60.931485447223956
