ITERATION	avg. EXECUTED	avg. WORST	avg. AVG	avg. BEST
0	58.289075833566336	44.35294483713294	51.428102598136576	58.2897396257376
1	56.6877432465353	44.174648219342465	51.36422705285228	57.97648930516473
2	33.44780296579646	27.250957659526374	47.172145362121064	56.63997909671633
3	53.895120128937364	30.804887697626086	47.84464103604582	56.659807585293656
4	55.34207348073465	33.67837597260041	48.6139727979621	57.10423246624006
5	56.50808626125416	36.30093187964193	49.424290914167244	57.553143121549546
6	33.93628727884471	25.75213678527085	45.70464654535256	55.98843160901371
7	48.124734386249486	26.298567701354948	45.43894039928771	55.454709485363246
8	54.49117024307667	29.377054677084622	46.428681445415094	56.31762778976293
9	55.725976734792724	32.07155984221447	47.367790679026264	56.94382080919385
10	28.508057239014736	19.972800860356386	42.84931219164858	55.26437169589493
11	39.14047024309154	14.8327546395145	41.18782764487515	54.738078468863
12	52.62715966969166	18.33919310743081	42.41351003337874	56.15850788434218
13	54.01590424546173	21.631558025445134	43.496914036482636	56.734399114466086
14	55.64538661598436	25.064537417359944	44.67045363905271	57.087421627075116
15	56.63688410110406	28.113017617410833	45.84505465240088	57.794570880668836
16	57.287059965067726	30.84788893818054	46.909027578668926	58.124255342159195
17	57.20203964763498	33.22433591685612	47.80084625791715	58.19289896630834
18	55.64607486748128	35.07873280867415	48.29625236006457	57.72703970044206
19	55.27128771701436	36.37734796520023	48.72736478008957	57.674716939982474
20	56.62250193612635	38.028206806139586	49.36984124479313	57.90276361298949
21	55.392517595988096	38.99079761642945	49.67186702828614	57.826892385802786
22	55.74995358488167	40.11647299864656	50.027723761836064	57.72187430231767
23	57.031581642908066	41.32151868937744	50.60752475025982	58.27211866329772
24	57.36747498865889	42.37462347099609	51.10972214343832	58.54586029533541
25	56.21503626835427	43.16295425894163	51.30895217551289	58.14767594677593
26	56.77791478287479	43.900804400772884	51.65000844038192	58.363850619977065
27	56.93618942097679	44.51727899251204	51.95711225727313	58.45204640294327
28	57.0098460419883	45.299003764439725	52.23940131356572	58.38098061560016
29	56.972830697682795	45.7895650093064	52.49395977322681	58.52650999427632
30	56.09364366740827	46.1046917064998	52.54255898631008	58.30065773717808
31	56.50887574491729	46.36494142911222	52.69780690349529	58.40788223721034
32	55.85869425893855	46.509807857763874	52.69992757687862	58.24721746477764
33	56.707213789398175	46.91522933230766	52.889783638115574	58.47505190562995
34	57.374930949479065	47.48239566345802	53.15227676498692	58.68256040402565
35	58.043623041070646	48.03629957214231	53.48400464101757	59.07118856948784
36	58.26052858009703	48.523123680740156	53.77404152991991	59.28481852230675
37	57.80800531595452	48.961019386479386	53.927640131911	59.08208966385625
38	56.8517021285916	48.99887646811845	53.91645947922141	58.90219766174452
39	57.13798456009596	49.092632643045135	53.99238057295758	58.96130729443219
40	57.839835390916626	49.33875524793398	54.18561304964159	59.25629585351427
41	55.72536309795014	48.73064156950385	53.912361076842465	58.75847000994236
42	46.30416583858396	40.52381902032316	51.93024952735446	58.15733304022673
43	53.12844110041315	39.53921719364953	51.69340761748014	58.436488902506724
44	57.074267292136746	41.59092083394423	52.1956218370696	58.65086575499552
45	57.0886813224996	43.07023523857735	52.57637166490465	58.85769243210847
46	56.99535701422774	44.416821073287664	52.85092888946764	58.776495526464196
47	56.86234296138216	45.33643629795691	53.06470745334853	58.78466708820703
48	56.79621244301344	46.146287755811876	53.23620094465574	58.768261596566056
49	56.861442586444824	46.58290250473724	53.38915340199653	58.94195611732996
50	57.74952336765674	47.39813561457393	53.67676233775331	59.21579138741881
51	57.58849082967198	48.04007869604641	53.84264909278358	59.1255471808984
52	58.102983405096985	48.63761263044966	54.09924820020045	59.364090399919064
53	58.304508422303336	49.135348633126746	54.333222158712026	59.59680123659449
54	58.08225234003259	49.328256480153094	54.468319973558536	59.64780061565763
55	57.92141024705011	49.786143130651205	54.56421547930675	59.42592756099913
56	57.824073693185746	49.94083289934888	54.656815161348305	59.51504366287982
57	58.33225236505204	50.269368278197426	54.827473103082326	59.66023058676285
58	56.36738019833284	49.821999365280305	54.58574944573053	59.20331672978959
59	57.33133109659761	49.83938239659289	54.63172116213139	59.37995934934579
60	58.0587542554324	50.006447067649496	54.78436664856336	59.677228024500494
61	58.59740014569429	50.43086642464179	54.97891692113443	59.82561676534746
62	57.40911106787474	50.401988976910324	54.90165739298892	59.57197010876842
63	58.88984278641887	50.82750212248075	55.157279329212486	59.99397211631743
64	58.00267889156951	50.91674476963709	55.150411355890576	59.748842073863976
65	58.72413554330134	51.19400005272439	55.32652957782585	59.99623136358007
66	58.94034966694422	51.47795375786659	55.49092900436205	60.13246543629584
67	58.52558699899662	51.37439638997636	55.54170495981498	60.172444041474066
68	59.42227633000745	51.75596051357494	55.764904590139764	60.42375129372422
69	59.20705378799983	51.88467501235297	55.88352177672174	60.471592360110435
70	58.46494511536534	51.533548171450725	55.85326933199007	60.44040458241058
71	58.9067640163505	51.856942727625885	55.93817342942803	60.40584497418952
72	59.40926344833109	52.100520188335906	56.10385009248503	60.6498422216677
73	59.23733473237735	52.33264320216712	56.191675058313166	60.5711906585917
74	58.98992400818209	52.33841757320354	56.23341131541625	60.54158262408954
75	59.532168093646156	52.647085206553186	56.39080909902869	60.68402114321426
76	27.80360823631004	24.148819271759482	50.370829989269886	59.62774583212646
77	54.5347693423265	28.299284873771697	50.82339839256045	59.74497563125982
78	54.86076461174471	29.347207109665906	51.12505364607185	60.09466102352162
79	28.79731662189463	17.570255872470373	46.2925311782138	59.07062534617545
80	48.06233033863382	17.015689345366493	45.81308250875943	59.06416340911256
81	56.821214997924564	21.311354465476676	47.05332733870264	59.52264481404304
82	58.623722784897524	25.590902414969868	48.387126113737196	59.991244696995786
83	59.206152709333466	29.246512361821548	49.59052438776058	60.4337639779994
84	59.60615948767678	32.559125164719	50.65503349106131	60.66299731006915
85	59.71548563871075	35.46053627854113	51.5741781267052	60.777182427656456
86	61.25783869593079	38.238931382389836	52.36726781181211	61.32121259073707
87	61.313955741586156	38.235041209909724	52.36581644197992	61.34545274149715
88	61.34445076154673	38.23277978286666	52.365616045988254	61.36172194034385
89	61.36886440290869	38.23141124978073	52.3670445385053	61.378875169548614
90	61.368248309687274	38.23048188261139	52.36491916653069	61.37450718978225
91	61.37631784760848	38.22989963061702	52.36528129809474	61.38004141022723
92	61.37867069971368	38.229575227412454	52.365007155991776	61.38161873054031
93	61.38022637898946	38.22928109844828	52.364728685682216	61.38212391652669
94	61.3802444975371	38.22897780244266	52.364352801885424	61.38208746152436
95	61.38482166228912	38.2288573988475	52.3648996420387	61.385898719317396
96	61.38899222173517	38.22875871033379	52.36551834252329	61.38982357385472
97	61.386554264039184	38.22868011491571	52.36486448056081	61.38723756643345
98	61.3861695871139	38.228571062120686	52.364650884695656	61.386807067949505
99	61.38845918130768	38.22848597833209	52.36498130736823	61.38903873187118
100	61.390174081218674	38.228414176707254	52.36520837723514	61.39073217356951
