ITERATION	avg. EXECUTED	avg. WORST	avg. AVG	avg. BEST
0	58.290690232696875	44.35297556341321	51.428425477963884	58.2913373709609
1	56.9663884760422	44.210231571119934	51.418344159589	58.082458078466466
2	33.04358195494966	27.02176520226964	47.13184933993934	56.673283434360556
3	53.70473588143492	30.60925851162768	47.783168542722684	56.65634616342565
4	55.55502979972646	33.62446617570262	48.602325821525326	57.093194393017725
5	55.55030585239214	35.86879885184438	49.23374178220194	57.32201479886947
6	56.55121237353756	38.139953339217854	49.93407075921377	57.6243675038965
7	55.46316206070094	39.88588409531125	50.283365013992366	57.231996441631054
8	32.38234052849151	25.920432441860296	46.175408843847535	55.86426053733156
9	50.929377483002135	28.399886115762158	46.471403583232366	55.75428075984671
10	54.26605106036337	31.185347140315297	47.28204768262473	56.33465978111553
11	55.5825911495142	33.898270428977405	48.13024716930619	56.79922168609636
12	56.16118134361949	36.18557864206384	48.90403558901533	57.32167075146013
13	56.554053314851544	38.210516524938285	49.586129390537366	57.54244181042514
14	56.40880947595709	39.90887740720285	50.12747651449516	57.6047398370054
15	57.02465787650777	41.417236563663344	50.714713445327845	57.94808709609497
16	56.043214950686675	42.52608853927501	51.005075753791985	57.656339454020035
17	56.71471641566288	43.69795210861785	51.43450716789081	57.823158602118966
18	55.26035689614201	44.32199934174543	51.506798010284115	57.37823021570681
19	55.32697708491765	44.88324950726296	51.65264847112052	57.33797300341291
20	54.83843555436909	44.96547003539282	51.682531251656464	57.34401110897211
21	54.33215996965615	44.79941503977778	51.62000873168258	57.354427715625995
22	56.547170050406635	45.51957114025676	51.99565950105964	58.046954744671915
23	57.17043644991465	46.07526632156256	52.3356585691752	58.45010331002382
24	28.283514031844526	23.475742912119046	47.00821711222135	56.79185266355775
25	51.35985861390329	26.49286068039149	47.3115128728548	56.74334197595393
26	55.34189136666537	30.082790483400952	48.23979948102564	57.609926609790854
27	56.40458634183768	33.111857960120155	49.09467911523248	58.11106464136188
28	57.62916910455545	36.0207241177281	49.98705035911815	58.58639866199245
29	57.63842858745611	38.46074257322565	50.693276276157384	58.6943000097389
30	57.79946611506569	40.47784469165556	51.32090543287739	58.80791744570786
31	57.21694053928146	41.92230876645507	51.74377641769646	58.770424316336154
32	56.665421035659	43.145205368753686	52.00962043858641	58.51988537320748
33	57.060352975627865	44.2644112889222	52.35074522550193	58.62979078203165
34	56.86323033798726	45.075083642653105	52.58972392340976	58.5722960197099
35	57.36867043844929	45.916949521322486	52.9050771264022	58.81432658446707
36	57.622256547828364	46.726933267411276	53.198204834741375	58.94851749841654
37	57.77519781484616	47.38352894562143	53.46675183417401	59.071947901765704
38	56.769270857730945	47.58877220277382	53.49994610893458	58.818650467718506
39	57.481994731842995	47.969908742181616	53.70698573391329	59.05898456471602
40	49.44846899341587	40.49683502037343	52.301480575962714	59.05999836347688
41	58.027943192070765	42.549244785602475	52.85329569608628	59.34583407488061
42	57.493889263645634	44.037428673848616	53.165171804758515	59.16444351214631
43	58.42832501517712	45.54217232859131	53.63102029622386	59.42205602536909
44	58.84534516647372	46.786093792803925	54.07027735246908	59.69674204544734
45	58.169692219733285	47.55724761267645	54.29004531397093	59.60615056499014
46	58.32571351810899	48.39550716093009	54.53265905602292	59.58618720682333
47	58.66284850950319	49.1796936043596	54.81524145379978	59.76347866519079
48	57.95299466641661	49.55477476008239	54.896605566397945	59.595842362541724
49	57.12864914261905	49.526909291606756	54.836922437059116	59.47353098578676
50	22.809127659733992	18.504778136492757	48.16410248297585	58.44192197424037
51	46.168191811232894	19.536359529307546	47.40289030522015	58.27214239841193
52	55.924672583290814	24.649292103333597	48.49547058793974	58.60961248718971
53	58.174078739940185	29.215847651120846	49.743686385208875	59.397685454480914
54	58.2024431964008	33.10900559009152	50.6947257660756	59.4241340617911
55	57.882573516748074	36.181736076244036	51.435026049294684	59.35865321106609
56	57.91002161762545	38.8208626592533	52.07293617870223	59.370660644249355
57	57.70839172894312	40.87054566346211	52.5668346436288	59.41781132975735
58	58.55919541169109	42.87195772638591	53.143046790763	59.635654138683094
59	58.74798666535177	44.53094176673473	53.641999521862566	59.818006823629695
60	59.202199528632214	45.99199230743201	54.13478401132837	60.09174815601329
61	32.59834759130477	26.855534327479962	49.37924263498545	58.73549071263263
62	53.47334436320337	29.584540690099033	49.64358662626423	58.67050815464246
63	57.25847247160999	33.040714870179144	50.52854082129635	59.302056164519676
64	27.462886579487325	17.794194131702064	45.40198075965508	57.967870109990066
65	55.75312299031867	22.155439396146598	46.57591557502313	58.63188157476912
66	56.8601863313422	26.0743702987606	47.664050443766214	58.89406002399282
67	57.402982675415714	29.517492043384564	48.67260492290216	59.163068569790546
68	55.273259135021036	31.010459974831214	49.08174904227587	59.09438667261609
69	58.14893767444701	33.920388587085746	50.006993229433384	59.53418866351087
70	58.2026496534038	36.225943598323816	50.75563418027204	59.66384106532749
71	58.99920468036196	38.476464696380084	51.55827364515034	60.10040812987283
72	58.028090465824626	40.273285536559115	52.0164059799879	59.753357064058704
73	58.459419104260526	41.968484826356075	52.54867015801459	59.87058466474674
74	58.7729673466415	43.41514329270566	53.048350260196166	60.006629298693205
75	58.85554877162087	44.725921615924804	53.49027913059499	60.090585350653015
76	59.097164039606945	45.846102734318706	53.913447002148004	60.248163220862374
77	59.35318357402861	46.88799819004695	54.32065795934139	60.36849711989539
78	54.58708826028789	43.29858513598434	53.7481914318699	60.45320814575098
79	58.06792940589915	44.45110555588914	53.97190635526885	60.236254040053915
80	59.402912304555414	45.9190147976484	54.44597180749436	60.48403600379662
81	59.04197127513144	47.05702617897955	54.74960500753588	60.43079072261162
82	59.308151406279634	48.07280915401667	55.07433034449461	60.534557181500254
83	59.04002204183897	48.798374526525585	55.290399218885874	60.56533985886694
84	58.275210059160955	48.95902165024907	55.329119731028094	60.47078368871591
85	58.46079952136055	49.39345489185463	55.41633401547206	60.42993948887141
86	59.4145630380603	50.02587275523397	55.6738935537653	60.690102660801365
87	59.91240584108204	50.67378546007842	55.957144793049736	60.90726662336477
88	59.29329391157561	50.83669623986439	56.061908850248464	60.86490662783402
89	59.130994594649934	50.99627726093858	56.147517486032655	60.83652677841229
90	59.861948847870345	51.549235610387136	56.369513958383855	60.99215499936848
91	61.365128503797095	52.25249932938913	56.67028627984783	61.438921616929306
92	61.45675433833887	52.24732121311545	56.673852824129426	61.49053316135725
93	61.49574875190677	52.24414523259164	56.674895942240354	61.51633323330338
94	61.508355494962395	52.24176446713144	56.67330039457079	61.523138003367514
95	61.51402951027126	52.24019285013371	56.6714786959535	61.52295153392331
96	61.525098278282705	52.23931573112762	56.671908044822764	61.53011300668406
97	61.52892964399529	52.23872430786226	56.671671372287996	61.53216508410021
98	61.527845338139485	52.23830882887477	56.6708074230955	61.53050802941149
99	61.531450869811245	52.237711700661045	56.67099599117831	61.53404744469177
100	61.5320058420416	52.23752096306085	56.670587670646164	61.53346826164661
