ITERATION	avg. EXECUTED	avg. WORST	avg. AVG	avg. BEST
0	58.288356388171934	44.35294620378739	51.42795870905452	58.28919518621228
1	56.81557226274943	44.19257169462366	51.38898832650312	58.03664340449109
2	56.59750850592185	44.862408673074796	51.66168800457555	57.887765787579276
3	55.79820759213956	45.420839634615405	51.782243033314835	57.52802628632566
4	56.54304066329898	46.069229154889925	52.084202927913054	57.73919239060108
5	56.6917886405694	46.6574191810003	52.3514152992292	57.83137745434379
6	57.185511863290245	47.20187792443555	52.67598452692952	58.13215062631247
7	56.26390837202301	47.567465240229346	52.75504265950264	57.812192856518266
8	56.22729860512123	47.8517468717226	52.873317175960324	57.83109911991428
9	56.56011383903643	48.2551826248342	53.03775088793162	57.87371642820112
10	55.97051553247939	48.16177114756619	53.06272614867394	57.91547137490905
11	56.904487937339944	48.381767767324554	53.27506803548015	58.313740980846006
12	56.5690700892458	48.55519631747601	53.34630942510284	58.205905076138244
13	56.94522867640098	48.92658229682303	53.50889421512617	58.31277170301903
14	57.60544695492063	49.33074817696751	53.75711762144208	58.59916727217982
15	56.97308272584201	49.50374368728871	53.822128399133234	58.49261558696479
16	56.99245374388401	49.714649464273386	53.908791917518656	58.417905667240305
17	56.808568478392885	49.8751383208629	53.96727683689419	58.36819209990909
18	26.3511556533655	22.86337304335719	48.140038322406056	57.33770244257443
19	51.224769666079034	26.49442504369387	48.363514895137214	57.28310468446481
20	53.60466297257514	28.70783449914384	48.87420493210392	57.79155495812339
21	57.21711341225387	32.721836975962916	49.905221420070966	58.23573874143437
22	56.264049298608555	35.55959085448664	50.5288064542126	58.26943757310494
23	57.4655334260462	38.33965741737899	51.28309502591384	58.55251951173438
24	57.343208902127365	40.57111816457471	51.8542976639279	58.57838813485412
25	55.88120226335445	41.617625546956084	52.04911733916714	58.431226027232775
26	56.2107454006759	42.81988986005472	52.29476535787476	58.40983913830196
27	57.63530750714968	44.28632722043642	52.76741261449623	58.7207081438202
28	57.41415070581862	45.484564745543366	53.09529945934137	58.70843407573782
29	55.890295819435046	45.72854685860095	53.0886867726867	58.475531251692125
30	50.016318210225585	40.26782969759192	51.97994833851729	58.414026742295086
31	57.228672226725536	42.248158700192505	52.49477006082369	58.73492099104534
32	56.49471974465793	43.613936285661254	52.7221327429392	58.56207182978769
33	28.194129380049624	20.684263374416354	47.463737825806625	57.57131201737474
34	53.07985501964124	25.330752539644273	48.114828417144366	57.73780756253083
35	53.92351447207867	28.00344390203897	48.65490567338326	58.221126196596266
36	57.474515543879434	32.04503662894948	49.70716204556659	58.55346001354891
37	57.27508779943431	35.220385822667666	50.50208893156222	58.674926206431785
38	57.70157368170886	37.943620237083564	51.238711663507104	58.832632821131504
39	58.32902367467159	40.27021411916576	51.96987507836278	59.277039762704604
40	57.81390903836007	41.84684259085935	52.43838135285236	59.29220073439868
41	58.61170623408644	43.55900156544559	53.003457604101634	59.54968718913137
42	57.898070764400714	44.91641372031228	53.3184199034372	59.31689531293762
43	57.2882391514796	45.63599703237699	53.50633196370307	59.22262033847294
44	57.31834893245009	46.22609322191071	53.686622118633416	59.28134980433034
45	58.64893949663814	47.30229646764022	54.09274560397318	59.59605129397171
46	57.705437094628635	47.976630481523195	54.22042243170434	59.38921436345576
47	57.88618984712495	48.55412887326589	54.397374127823895	59.41638582578122
48	56.981004219274105	48.73315207763874	54.37583615311214	59.191809905486444
49	58.245252379424436	49.3679861489216	54.62917452577099	59.45334769189354
50	57.87581475246436	49.54275866498653	54.734868198184856	59.53322667102545
51	57.635511482343155	49.660225678272276	54.78274284699712	59.4788238124236
52	58.10394517723617	49.8579843562234	54.927589610729086	59.70625012423116
53	58.16083930266817	50.32498921648907	55.03982342859214	59.592183282618606
54	57.941442444164906	50.54432419858549	55.11125106138808	59.590733531447135
55	55.84910911687539	49.38194899429549	54.773797247555436	59.30567383397419
56	54.24756666775148	47.4349994923023	54.22399517656499	59.04802846593926
57	57.963350015795946	48.353845454438634	54.521109169317306	59.51838265119267
58	57.490703544347376	48.72208612061226	54.58916377604066	59.54621949407373
59	58.54566532738308	49.34440669340398	54.84866200740489	59.845216528215836
60	58.6500757426665	49.877636424528	55.046600776622604	59.91533910284516
61	58.73391674845384	50.153644668590026	55.2326640440294	60.13215070979102
62	58.261121400543345	50.48310472791563	55.28222186827523	59.90469167167412
63	59.15458016733984	50.97109680215238	55.52817266975834	60.18970225001647
64	58.52847246811858	51.18158383130698	55.584093290943166	60.0626885742684
65	59.098932229185046	51.47916847219042	55.76862704293465	60.30622393144933
66	58.76342391893446	51.67158654437689	55.83621778166578	60.22376457538553
67	58.94115225691207	51.88309965232255	55.944377133553374	60.26947007709363
68	59.055551471135665	52.02763314631056	56.056949040326465	60.37897031873618
69	59.372666410026284	52.2358876859262	56.20766466611474	60.57948554376552
70	59.32945849154862	52.49802902198025	56.314923434447245	60.53862077212399
71	58.63809754489895	52.488989121045414	56.28544090523515	60.37377040945283
72	58.457307179274416	51.90650325271657	56.249536288933164	60.58081339314355
73	30.384210888494366	26.162597196679606	50.776906052892556	59.69279546240796
74	54.26163428544354	30.054764220299308	51.092980177883504	59.52850860638816
75	41.26958019051352	24.87696517427068	48.73645995147159	59.03943327212058
76	58.003320343039746	29.234098744123752	49.91632765501287	59.79318062181318
77	58.80870484717778	32.70212006630977	50.923487929124214	60.19611987154302
78	59.03886120158377	35.68044512394739	51.77473576183593	60.43388106557809
79	58.77145317186171	38.28463890321281	52.430140087162826	60.2902664595019
80	58.629945080626285	40.42905540836255	52.986238177675816	60.31984550252069
81	58.11675325540197	42.10431556928571	53.35714100188997	60.15652142385428
82	58.315785199321	43.54225241168657	53.72879582996082	60.243749553476974
83	59.35856516058179	44.93354735956709	54.230151288927196	60.65234458494167
84	59.049125050745005	46.08200316337638	54.55217252091751	60.65012913941698
85	36.674787638899026	30.232275768156953	50.51103047034851	59.61112586344846
86	54.35885475861684	32.308375595757305	50.673765706455626	59.60243791208353
87	58.74583283709742	35.40625481193018	51.59001375201165	60.365727257362714
88	60.13208766469422	38.276173763951995	52.52472555047672	60.98366136548464
89	60.3112316556145	40.7592226029368	53.293922971623665	61.15944521724423
90	58.62981578796896	42.542974229895265	53.61546193293668	60.71314047194616
91	61.36010383113157	44.514537255553094	54.23894491642047	61.439427887325806
92	61.250501114706445	44.50539337947439	54.20115956189837	61.32432120450642
93	61.40413206351764	44.50315573959515	54.21712173369956	61.426601607934884
94	61.445009992931105	44.50152635316864	54.22080341069798	61.45742088664477
95	61.42992515001405	44.500028770027974	54.215304263375934	61.439072706690304
96	61.46493511441458	44.49902882312592	54.22047674491636	61.47037328777123
97	61.40440429821453	44.4983797936586	54.207282947004785	61.40886254132297
98	61.39654578181068	44.497876052232584	54.20481959510428	61.40009410799436
99	61.454925124290554	44.49753108894123	54.21578579836139	61.45781796554194
100	61.430570188385424	44.497216892538745	54.21033624292979	61.432215616695736
