ITERATION	avg. EXECUTED	avg. WORST	avg. AVG	avg. BEST
0	58.28937732883645	44.352976646458245	51.42816289718806	58.290080571691455
1	56.76166661358483	44.18132978200435	51.37870069624167	58.019619785491216
2	56.57693926268484	44.84735044988647	51.64853466749995	57.870374639859335
3	56.83996664761317	45.55145890539125	51.9698686096999	57.948058938925186
4	57.26857103514231	46.24005496362725	52.33295684015536	58.17406813678598
5	56.24598017112112	46.68551021768738	52.43639689252782	57.859106179019605
6	56.31507823368321	47.028072535602725	52.591131339045134	57.87014655870701
7	55.43217202904496	47.11750026368848	52.56386008357035	57.57851400835079
8	50.65840346446155	43.78636179159609	51.65859959127011	57.08807568530154
9	54.540989791419925	44.18411210016483	51.71467853652505	57.2868992653005
10	56.21586730979288	44.96033876109635	52.03235186355591	57.775375466073875
11	56.56453755521949	45.68732441384338	52.31744083492312	57.985401817492686
12	57.30912397418697	46.51523634903218	52.68754557845791	58.32232630947129
13	56.72142642666912	46.94847783592932	52.85778117231031	58.286422719239866
14	55.8244825978534	47.13396399575136	52.85000595129083	58.015978838471185
15	56.51659530269344	47.59617494507096	53.014001690891185	58.11969430291147
16	55.99102818245353	47.84748314141136	53.04231659081705	57.96081814420336
17	56.45590499973123	48.072280890263485	53.17601658189941	58.173114360418666
18	55.96503896208476	48.10831487509071	53.17296253690394	58.041160569728255
19	55.3325320587827	47.604963584988404	53.068098560101966	58.079687233243874
20	56.82113155089442	48.074026085422595	53.275710775386194	58.37561379404582
21	56.758447338564494	48.145034199060426	53.38232745301715	58.495350344945734
22	57.398970893401646	48.53906048982707	53.59718837754766	58.68424240021617
23	56.964110223437544	48.855333377617335	53.68222023548889	58.58387155714821
24	57.582508757018026	49.23365106231626	53.89174708869603	58.766123639365674
25	57.71890628416765	49.54126052338257	54.08137189397131	58.91133995781976
26	57.022409242489445	49.421742574766775	54.09794911501808	58.82868215539479
27	57.53623510442434	49.47464597139633	54.23737588676226	59.058786389309226
28	56.933230681564666	49.53090090096653	54.22218858385403	58.89104768572005
29	54.123770172759556	47.80692551738002	53.69295815680093	58.380631522270285
30	56.94602941569947	48.2764324889285	53.86886772810539	58.69955704747971
31	57.411916390382586	48.63431754741525	54.049479246177675	58.973635179894856
32	48.02557484850262	41.28440195872277	52.35926166419066	58.353623564299596
33	56.96128115355618	43.21113661833677	52.811175635700295	58.66919660024624
34	57.45815284898727	44.665289901852795	53.205448288065355	58.92106649506833
35	57.72059405926778	45.83294759152302	53.548318821507024	59.132959544172074
36	57.47232667032581	46.877410023437136	53.76665854788376	58.98490031137117
37	58.11364783960641	47.844799691627394	54.09035433966244	59.237234984934744
38	57.48876963327371	48.213517531899186	54.21402149853002	59.31110983937735
39	58.10960260804857	48.92474772956496	54.4369583496106	59.33448216751046
40	57.859889540261904	49.33838369200471	54.57835061447027	59.402440368332215
41	55.47712537789692	48.396894353373696	54.235059858353665	59.049658754840124
42	57.57447794053645	48.888500901991314	54.397624680158216	59.25328492395137
43	56.803438563747434	49.00391238114125	54.356051959468395	59.08979143494071
44	56.81029364182422	48.98519410114705	54.34292655968343	59.0769565332722
45	58.26637509446611	49.64797365564156	54.61707203206189	59.432174862300336
46	53.11048957078486	46.628613096090554	53.793291926915394	58.83820537473847
47	57.602448286878285	47.41861958531262	54.060840621667744	59.2397579465414
48	57.054771788545935	47.85143515815953	54.121207765000584	59.179101913341796
49	58.1091024077526	48.59924397320584	54.38265430876376	59.41744019614301
50	57.82634395666259	49.000470476145644	54.51848912929118	59.49473833811532
51	58.24857956138483	49.56802790650516	54.71407083562591	59.58523688566174
52	58.59610109106974	50.091165330203566	54.934004524090874	59.763627796807796
53	58.979673699238724	50.60542740567228	55.179888111092225	59.9716395373809
54	58.455696299035296	50.90479699594651	55.27259504506429	59.860108580778345
55	58.59378078621583	51.21983742826065	55.40399219915416	59.87657427923438
56	58.241179023323056	51.266013387192515	55.45384885319974	59.88620641933775
57	57.8745441060712	51.18673243910809	55.435604183544726	59.75873466983044
58	51.98214425145659	46.44179410446331	54.30145144080001	59.352966476065625
59	57.441859450458914	47.30397519650292	54.48296525198118	59.550799469426394
60	56.90545112860235	47.859923268808785	54.47765411290937	59.62132796678347
61	59.14215309925254	48.707023420691336	54.86504101828139	60.17637347355323
62	57.403041333843554	48.999499885045545	54.79191703849551	60.01865370194542
63	59.47910871057291	49.64384787623934	55.14066811674451	60.452551496650486
64	59.61180294598362	50.18383571125618	55.415132615363966	60.58507792785257
65	56.302352224777906	48.591166933973696	55.01128121985457	60.13148896507749
66	48.89407478071806	41.48021334532789	53.329905831454205	59.572233186612294
67	58.062326732966184	43.67618986202573	53.81884516896622	59.82443187259214
68	57.52063128574038	44.8544000216271	54.02520289136865	59.98406426929044
69	59.28703578000268	46.373109437269044	54.50469776839496	60.2559036722047
70	59.15284268850298	47.466258775379245	54.84770193875086	60.4780565538187
71	59.53115836889622	48.44570743927861	55.18991668771774	60.618568048627246
72	54.23024809547495	45.32020586955462	54.44893002279909	60.354137091932415
73	53.157345838285025	43.234456207320186	53.678869655521	60.04331908843419
74	55.40097501447583	43.58781708841233	53.47390664338532	59.78655826296268
75	57.99476639926529	44.54604348398799	53.79694641353842	60.10734562278868
76	58.822300672830345	45.7284449997331	54.17551526991634	60.34566075663606
77	58.67728626704267	46.447404110113716	54.43650640084302	60.50127988045528
78	59.48410144078298	47.3526071474878	54.80516896247864	60.76275112161954
79	58.65903319911193	47.75532863462083	54.94099041385227	60.646938880659405
80	48.19232152879643	40.06931985602819	53.06489739601527	59.800517440653174
81	57.75379210670256	41.705387466393915	53.471982656370756	60.43792634890608
82	59.52011412411165	43.54242165911737	54.03220226714837	60.744232752038194
83	59.36721260304816	45.123972654787764	54.44863240845863	60.724633706930405
84	59.956851386752504	46.50116214101867	54.9201537181138	60.98647898582033
85	60.096728626656315	47.76030670281337	55.32410098769862	61.054044893833876
86	61.492689198456816	49.03099985650179	55.75445013858083	61.553591636933795
87	61.5662064402881	49.02738555279527	55.75697309925148	61.594426410985434
88	61.58123825297554	49.024608358303226	55.754335467650456	61.59930718045824
89	61.61321815088581	49.02346176523391	55.75711766173614	61.62204428009923
90	61.617754724851	49.02273656919292	55.75625975068817	61.62292679079302
91	61.61599966406314	49.02194854215251	55.754874325341405	61.61992268207469
92	61.62270481358404	49.02154265059164	55.75543075164074	61.62558406641519
93	61.620499344096714	49.02122055949915	55.75441380717829	61.622712544607246
94	61.626626966397964	49.02093459069864	55.755196691535076	61.62848892332509
95	61.63164910489095	49.0207988685667	55.75582872785145	61.632641891378555
96	61.631407581755184	49.02061274235397	55.755581865924526	61.6324158045889
97	61.63507874154683	49.020417245816304	55.75611445331695	61.636054505773764
98	61.633794333565035	49.02034163904523	55.75566241887518	61.634479561596706
99	61.32393393669695	49.00441125568614	55.6935532938959	61.41216856372826
100	61.52525681643573	49.00343423969229	55.716170944437295	61.536989724016145
