ITERATION	avg. EXECUTED	avg. WORST	avg. AVG	avg. BEST
0	58.289905687090524	44.35296325478712	51.42826856884029	58.290582079990024
1	57.4524318364265	44.256552586881014	51.511784625364584	58.28531837600587
2	56.61666547565636	44.777883070467695	51.74092488622715	58.05080704542876
3	56.40150676242375	45.438285509120774	51.953190959130794	57.83413155704707
4	56.96904615092989	46.11713457121274	52.284826020075144	58.03846586707278
5	56.82687431970417	46.762340235731294	52.52671402566488	57.92347991793722
6	57.14298565142444	47.346792237867724	52.825828448935745	58.13313217475974
7	56.45742248970938	47.73499717424886	52.9369969235305	57.952454421595355
8	34.335062916089214	29.730527589325064	48.79289791533205	57.04883856908637
9	51.969190958522624	32.103201595447125	48.941816664875255	56.842233086214236
10	35.855866316339984	25.47843230312624	45.88542435210259	56.16241676973158
11	53.839189449679616	28.53738193664696	46.71166906593328	56.64984188604575
12	54.22812315067474	30.888880572078705	47.35363399460075	56.91804059428659
13	56.17818836903021	33.37772495205856	48.241551167888574	57.385673334656104
14	51.66754384740651	31.45992184470221	48.08111972711207	57.446261002624304
15	56.43668221780876	34.26896984441965	48.91712482897028	57.6968669262744
16	56.48638475321795	36.583011500232466	49.60144460059087	57.78429195196316
17	56.85135454774484	38.63725452067717	50.25872643735658	57.93651166100717
18	56.837157051270474	40.33065351248803	50.80990087009626	58.0261475761951
19	57.06565913921604	41.78363496797313	51.322473420308334	58.209026954652316
20	56.41440795451191	42.86991957978692	51.62309530140562	58.09399444731664
21	57.15393724812838	44.026838886799894	52.05962126002433	58.36805945563464
22	57.30428022267713	45.01920210715615	52.43101625619876	58.492792160260834
23	57.32907653570143	45.80466809218383	52.7508517681773	58.61469756359749
24	57.12072756209167	46.50011766631091	52.979234128807846	58.524774683099785
25	56.43808724989457	46.63109722969565	53.06505482277473	58.50101907387647
26	28.411567223233604	23.635535807625203	47.74070819594907	57.423990103099705
27	50.06413741829221	24.492110655280058	47.71285617767045	57.54281516451994
28	55.49017213966044	28.40818666927661	48.62939017713742	57.99660768053348
29	56.13504180920703	31.89729750431793	49.438867827873565	58.17813834112585
30	56.520068002612696	34.92810455352061	50.15630544169436	58.290980870685296
31	56.51728358938641	37.505610133426664	50.744679352339986	58.22735891730646
32	56.84152219764411	39.66048498539932	51.30437112720938	58.390208697706036
33	56.175704268709005	41.15946614421739	51.63153472255429	58.33242406603249
34	55.84126041146156	42.25044716237921	51.847908349311325	58.244784872463185
35	52.812866843634374	41.05464448466864	51.46304771200062	57.91252121900847
36	56.90448106042185	42.61172968307525	51.96359616432171	58.4740486935872
37	57.36798977050965	43.98342723908813	52.38702171472893	58.750740899804136
38	57.915093254577265	45.14885070495742	52.81518290209271	58.99047595493269
39	57.689357403069494	46.04010088871047	53.119573660010765	59.03769966103302
40	56.75330947010237	46.347796556205274	53.210222393043246	58.867420599700125
41	52.79759025380159	43.06958653715899	52.54911822497252	58.8492726418219
42	57.323356444402876	44.457253127865286	52.89721560514176	58.896643028318344
43	55.53459198780645	44.997056664969044	52.826560453312524	58.79372238650156
44	57.40020336883723	45.84007440967707	53.11265635640641	58.93814233958108
45	58.05697308712316	46.68555661152475	53.470566042016756	59.24364144048732
46	57.072081245500776	47.06370288694015	53.557711247121574	59.0273158832677
47	57.85128468503614	47.74649270264009	53.81905673414037	59.16684269992256
48	33.751639566178646	27.417799672542163	49.379861250747105	58.33207265606611
49	52.39042066599753	29.693373835043097	49.52812478948363	58.24552574399697
50	55.85103009474874	32.74317285227827	50.216399004022826	58.73595815593486
51	57.59238986130848	36.00849278713711	51.02173578452349	58.90646905925532
52	57.63529343278151	38.468199010519186	51.67567867873976	59.21135915255515
53	57.754931056037414	40.71204618522977	52.21842737169407	59.17489838886311
54	58.540935822114456	42.71268164108622	52.83651622636097	59.513346559012554
55	59.0056614009636	44.401244054284255	53.40458642089161	59.81973221403215
56	58.88392744617571	45.81205535230074	53.838073699216146	59.80705433842943
57	58.94016358301456	46.98058602739404	54.232150557033854	59.93613691374485
58	58.3380883402116	47.808313278214946	54.4448725728561	59.791062374433494
59	58.53053693750674	48.6271109982176	54.69282310394081	59.828426043121226
60	58.786745855953214	49.294244402579196	54.948184905534696	59.970492138907375
61	58.05220580731676	49.62956991830887	55.01351075513676	59.81205312533648
62	30.00690264064888	25.791037754335076	49.67833983249967	58.82078452156548
63	54.04731251467277	29.301621135371136	50.122615878174294	58.95402566263868
64	56.61354950564875	32.742971886842	50.856406655485095	59.19910913408717
65	57.05408190663195	35.87699070910778	51.49907374453758	59.37101693660715
66	58.39276827202653	38.62456188015438	52.245225216445554	59.81927756582243
67	58.6889246590637	41.0237407638565	52.865404335676395	59.94394778296209
68	59.04020469071225	43.0072721194437	53.441648143950935	60.12293103425932
69	58.364477452739905	44.47757497357387	53.78772806459229	60.0150609500505
70	51.21840271554638	41.57687272134964	52.71780259148451	59.0994809305927
71	56.64458042478964	42.81526734141293	52.97950081333729	59.3738077840461
72	57.36805967829456	43.96125897322022	53.27278244122862	59.67578998850236
73	58.21116725090202	44.67185654859543	53.62442030730344	60.04331772949524
74	59.124455212646424	45.90528056665898	54.065901395779115	60.29237789669738
75	59.18701755132669	47.047891843106854	54.42758939090232	60.264896810543455
76	58.65480163550765	47.74015156678319	54.647288323960254	60.24245831964933
77	59.49304037950399	48.65954662513327	55.007295921586284	60.47057557950022
78	59.42654481113186	49.38221883445784	55.279732112028796	60.501195068352814
79	59.299134052506794	49.96824483922362	55.49869987947852	60.52670735481901
80	59.808681291558415	50.596719846273224	55.78997543688743	60.75256024062546
81	32.3150042916305	28.38541405066841	50.70812566995523	59.45073523995195
82	55.80974790774461	31.843021206965894	51.271842873885994	59.6575536329058
83	56.81167138546227	34.88009107177113	51.82832362524661	59.87314959461319
84	57.63561795667226	37.72470340619105	52.39431551198339	59.88087386492064
85	58.11061582548091	40.15395877428639	52.94055557924845	60.150916933289935
86	59.13077910309159	42.34850995011713	53.54672850962948	60.427571191698874
87	59.39740089765941	44.097005538437635	54.06674904784073	60.63456995884089
88	59.70460661947325	45.71718480029037	54.544104308377484	60.68408568152421
89	59.85717378852515	47.08188915458759	54.986892821140756	60.88035859731505
90	59.83713742765369	48.185960738369744	55.334888233045895	60.89625167403069
91	61.291693100858744	49.36835321467173	55.73737630839264	61.35910107823497
92	61.378063031849095	49.364630832960195	55.741168699115036	61.407999023245736
93	61.40869317459698	49.36207838431102	55.741307529380904	61.426075947818155
94	61.42026044806152	49.3604348366714	55.74014442943169	61.43124927376435
95	61.43380332124852	49.35962000295986	55.74065523892749	61.43958471846709
96	61.432222752451494	49.359050470755975	55.73918284572555	61.43634606384416
97	61.43926893504457	49.358307807951455	55.73976741996317	61.442549159421006
98	61.44393255435548	49.35770832813887	55.74004409895191	61.44615503596394
99	61.44617045249901	49.357310387930355	55.740047182258095	61.4480198018762
100	61.4433664931939	49.35700703872266	55.739116520520426	61.4448327254391
