ITERATION	avg. EXECUTED	avg. WORST	avg. AVG	avg. BEST
0	58.288645491915716	44.35291814647862	51.428016529805205	58.289389836710015
1	57.45519921147695	44.25678190360868	51.51220246889248	58.28507914631655
2	56.80605720783765	44.913672307431575	51.77769836941343	58.0473353742058
3	56.591616000046216	45.61344410827078	52.022712857910086	57.86238625753223
4	56.995939027242876	46.2647432989029	52.34757660465599	58.03261328427525
5	55.41089879888538	46.43679004679252	52.31436669091331	57.63108211844158
6	56.20244819451355	46.95890159681413	52.50011503983167	57.711403814572755
7	56.08418859025159	47.13933579010227	52.62068041605549	57.75680301882855
8	56.50271307104664	47.60189115446933	52.81013030710981	57.844591805288935
9	55.93110645968382	47.86621812814374	52.858598715284984	57.69002293249982
10	57.19874134129674	48.33542605784099	53.168583930750245	58.210168310905274
11	57.449704150238105	48.76854710352485	53.425445655783385	58.46750164524457
12	56.62364386288388	48.910959683818156	53.466050481387036	58.29251865028323
13	56.95453271100203	49.14307122839389	53.596139990776116	58.32822484338711
14	56.17889021170316	49.03850887575894	53.55947325844221	58.17340966739611
15	57.006723296720864	49.37437813198788	53.71651173663421	58.32868336371568
16	20.725837845355688	17.280407504277335	46.8285684817073	57.186759720761344
17	53.234912216794704	23.17655275731503	47.71945047138827	57.32484762049932
18	56.083914136658365	27.93417108195408	48.83514046261101	57.96051115958565
19	57.42150938550702	32.19922703394932	49.9079166331861	58.384025907744515
20	56.87396075107119	35.36415548206135	50.64114599455069	58.48221229894514
21	55.92438767196281	37.969927111991375	51.06689700406737	58.04373878694392
22	56.2152650838816	40.00263321406509	51.521701710585255	58.214755425796355
23	57.540006568696434	42.06377181733037	52.12837672372195	58.5865550387769
24	57.489628572357944	43.5257008222225	52.57466774907706	58.80074060048695
25	57.84583991569735	44.826733636117474	53.001323249946566	58.97575713572001
26	58.141163179313565	46.08625541025165	53.41117996500604	59.11093484930169
27	57.27744513160769	46.98888775223789	53.58083955677517	58.842904123570094
28	57.82968893489148	47.78822838702981	53.867525787689445	59.03352321184586
29	56.99295049565144	48.21057609251178	53.931597639113484	58.82084182472055
30	51.51166282905386	43.22655549246847	52.960812022218	58.80543708261425
31	57.562670470155176	44.81837825991854	53.35900234036729	58.99009359748347
32	58.0539473038125	46.170890686330615	53.74418399931804	59.1494271007953
33	55.43297648285188	45.802895786498034	53.549138017832895	58.77624823526023
34	57.27371731326487	46.80102722524667	53.79929464826216	58.935336791841884
35	57.27672830285344	47.63370262129215	53.97885653015928	58.87183114374672
36	57.72982946459495	48.311117012446736	54.2211909031516	59.13007538816572
37	58.40279503110569	49.07963364726022	54.52160932906339	59.39984866304234
38	57.22264711360354	49.036305013073736	54.520844716364195	59.27748933837486
39	57.704862894273504	49.332853109005875	54.64633835152852	59.34372266714337
40	56.50357426669717	49.34446900569896	54.51639194328499	58.98951629306187
41	57.99965032437782	49.858996553857864	54.73828280252372	59.331674221616346
42	56.491381554065654	49.74075863679122	54.58407559912878	58.96485280695795
43	56.94723348276557	49.589793075890505	54.58821372013661	59.12991465896966
44	57.57128580546482	49.963656149806745	54.68839343499586	59.20450236956688
45	57.784971239122264	50.27797056058023	54.80508820034274	59.26742934971572
46	27.50910106966316	23.138707983645222	49.05645543351317	58.36130854234418
47	56.158468396431076	28.624508137614605	50.08408411298024	58.935563269222754
48	58.46646416410559	33.102143510561774	51.18510817395936	59.50669627014224
49	58.69606761896356	36.73779620849745	52.06813274526565	59.70292824919043
50	58.51622570188799	39.68324542888163	52.74748878318321	59.680609922533954
51	57.60277998604594	41.83009015625728	53.13980985396621	59.43957081104314
52	57.8092164613677	43.54969101613315	53.534033320938505	59.537017223896136
53	58.949843362258754	45.33512558548275	54.068022981031106	59.872815819322
54	58.57972179515905	46.65287247832599	54.40658641650861	59.86672160162363
55	57.37488852331205	47.26211437003856	54.4605837108133	59.65107113004154
56	58.26704987753289	47.87884390851024	54.69787344866269	59.89269993354363
57	58.165690562842435	48.61188814663702	54.85262935742431	59.78092143463966
58	25.4731522752981	21.114774202100424	48.68138729245839	58.71657710196194
59	50.78469278125228	24.199036727063078	48.67810956240952	58.5521737716462
60	56.66198578390454	28.698919188704785	49.68821684798732	59.08256949520637
61	58.068640480830204	32.58990787974475	50.688050989028966	59.497707877561496
62	57.88828106356307	35.710633147578946	51.43516069166012	59.562938382225376
63	57.444895944305436	38.143248979909046	51.975220044845926	59.50635829723244
64	25.96706948067938	19.36360367704504	46.345593429518196	58.23883881824546
65	53.170401459954206	23.2595506903266	46.953561226655914	58.337007448199216
66	55.456427253210904	26.70558947679489	47.780975836293656	58.5851197924204
67	58.471621815205374	30.30676442796411	49.00921912360024	59.49478901480128
68	57.04100516961047	33.09493943059728	49.673444029534004	59.14531196946569
69	57.15001000761074	35.47542398523726	50.318317666859784	59.25105921481409
70	58.49522763359119	37.65970232820904	51.11793790550942	59.845642563271056
71	58.54100491006225	39.75092490860154	51.751079860431005	59.831345188031136
72	59.093381247151115	41.554450882699385	52.406051550290165	60.12578423648131
73	58.81623961027113	43.02260966302266	52.89049366102234	60.09088177381869
74	59.01905432039234	44.30477009887532	53.36663327036303	60.29880891106608
75	59.18639181946086	45.44271423861701	53.796295973628354	60.4800247325708
76	30.790737676111444	24.96241991315358	48.663118033012566	58.98374342269656
77	52.480260466428945	27.716608372905114	48.788404281952474	58.7481241345832
78	57.074109645358526	31.19494006953294	49.706551443613336	59.42509214506873
79	59.3826090758427	34.577850440452664	50.81812605139258	60.33100155102489
80	59.60760440389338	37.36967960830956	51.69406371682305	60.59866318307406
81	59.315620395592	39.727710617631786	52.36776961441447	60.50817716522546
82	58.481138464187566	41.52664260796626	52.79643150688071	60.2824855752203
83	59.47200714578478	43.29489617760243	53.39214659043629	60.56718451849988
84	59.551204185645446	44.761127380362225	53.88598160669912	60.68309870455406
85	59.71686996039985	45.947098910019804	54.33311703881885	60.87659139075908
86	61.24950777789555	47.27851686878506	54.78548609967447	61.318420423807375
87	60.702245744262676	47.21259758558378	54.66225116376543	61.022351882126785
88	61.1638517784497	47.20804355172666	54.69055114303127	61.200257998485604
89	61.214029230450386	47.206356743633954	54.6933053894227	61.22908706744313
90	61.230580269306046	47.20549855162903	54.693604029796425	61.238900955367676
91	61.231828176787914	47.20495306692219	54.69218947407989	61.23665667938269
92	61.244787237570804	47.20453061543355	54.69381558571774	61.247883340477706
93	61.24597877954091	47.204121992064195	54.69343467352955	61.24817787676837
94	61.24630524120898	47.203901230774825	54.69306014641782	61.247616188237885
95	61.24797448606292	47.20366878186208	54.693131805984585	61.24917041568341
96	61.24940879210742	47.20354944832859	54.69317948126879	61.25036969705814
97	61.25003209582611	47.20345048022592	54.69311196101863	61.25079031393937
98	61.254492977782895	47.20336385544478	54.69385249378838	61.255012474660944
99	61.25436744079213	47.20331604730286	54.693723487018275	61.254815495459056
100	61.25545822311013	47.20325393387203	54.69385203254515	61.25594327952952
