ITERATION	avg. EXECUTED	avg. WORST	avg. AVG	avg. BEST
0	58.28956753452823	44.35297591292201	51.42820093832652	58.29021859212626
1	57.453792627274254	44.256363020463226	51.51196198025767	58.28519836403009
2	56.690026946599495	44.840158034141155	51.75626655897648	58.04918750836442
3	56.416391602039724	45.45723080952719	51.97162564749467	57.85598686610985
4	57.087766865885854	46.17231905804267	52.32407913130858	58.07065195055368
5	56.08134146015158	46.602219133040464	52.416818475159445	57.772248877194286
6	56.44250518303228	47.023477766285694	52.61758858192862	57.87473869363959
7	55.337154785255116	47.192331193753645	52.568929816369995	57.51185336301401
8	56.024322728801806	47.5676697052996	52.71529612245701	57.641288814135926
9	56.5364721497099	47.91851083562147	52.914315966449664	57.87773895251764
10	56.979301565252186	48.26498541913992	53.145789869168624	58.19708893396101
11	57.47594089765009	48.743321804252275	53.418445240138375	58.489615461086785
12	57.38081287409003	49.04136818688772	53.60265486128931	58.54752403471753
13	55.63167459068931	48.5059475139801	53.432995276678795	58.22289172327372
14	57.271177273209176	48.8580988676837	53.65551659614192	58.573411398422294
15	57.18713037104389	49.14785498019272	53.78432006574853	58.53988341144248
16	55.01267097241016	48.272951105385076	53.494307156346174	58.17482705491404
17	55.76441883834063	48.18965761261585	53.449241423858325	58.1463832673092
18	56.867801854129766	48.47099478345076	53.61971777772745	58.43300676429056
19	56.64453969966562	48.628142504818236	53.688428003093456	58.389708274717066
20	55.54449039275825	48.47393146547048	53.54455648842965	58.11679290913442
21	56.771963688439854	48.75577362384521	53.689784147316594	58.42108810174003
22	54.89652085797627	48.3920158678338	53.41090389019052	57.89802013142852
23	56.74935360862295	48.621692268566434	53.60256979200829	58.428297587158674
24	57.686811605461536	49.12535455277525	53.86831525260686	58.82651364034302
25	57.49675817487986	49.45812317209615	54.01024437404962	58.80847164501848
26	57.369791432223195	49.797143801667396	54.118747212566575	58.72062811286188
27	57.71382650157634	50.03242848321169	54.293026951639966	58.95326806604546
28	58.37667485366752	50.399156735182885	54.54838324687757	59.305027007357516
29	58.39626775881004	50.71360336142249	54.738195487940786	59.37913414432352
30	57.25966443364033	50.45000046511851	54.68563269198733	59.184371117675845
31	56.43104136794146	49.757019549038965	54.52071234991343	59.06209015732541
32	58.4630904840174	50.325564776341224	54.80317363159033	59.43238632393194
33	58.48344298215735	50.738563266791516	54.9910497318773	59.50836696823469
34	57.7709604777757	50.80327962388545	55.01711890566725	59.39138652207845
35	58.09840855019015	50.9768857224075	55.12614665458457	59.49241007897521
36	57.023662855092084	50.68619406352649	55.00546819030334	59.30535293898224
37	57.71992673185561	50.82855019430145	55.06872431676674	59.35428124381044
38	58.477969555847324	51.19395822006279	55.26065356873522	59.60282214744323
39	58.737059756270206	51.51229051438005	55.444126829610255	59.79849607434511
40	57.49813927498947	51.48658619945968	55.346851359379954	59.430242226050524
41	58.16049274878479	51.523443247362444	55.443268800474165	59.67215165901641
42	58.24147458036635	51.73295816371315	55.511699034268986	59.591699251682925
43	33.894697245592724	29.921080860416925	50.87832237845939	58.866681763659315
44	54.73308165848267	33.215596759655085	51.25547376312563	58.80047695341596
45	34.622670376484045	26.84062101201398	47.61225658071513	58.378821401570384
46	54.12948401310802	28.798732251272423	48.07889335628314	58.44750584236677
47	54.39560757042412	29.580081139985303	48.479653298420835	58.68836325434464
48	57.39181242298912	32.39571782140346	49.412395528967714	59.00343445117865
49	56.06052050079564	33.68034291960228	49.900083649269696	59.03182892527523
50	58.399782566910446	36.249974231148	50.78833341641811	59.47255167901557
51	58.428574182240965	38.40936676771076	51.49869031177325	59.58678038403258
52	57.54241417886256	39.98028271531924	51.9470363995066	59.45623693652193
53	57.94778031662435	41.667893840902465	52.4399637521004	59.440359051820614
54	58.46744628737357	43.1639414911931	52.96853200695421	59.705657146910134
55	58.63128531384761	44.487921655687934	53.42715394521106	59.86123200119981
56	58.21100663040536	45.531232352585086	53.728514439480705	59.8380416768173
57	39.13518019610333	32.290427269243615	50.305590235618425	59.09300270843624
58	52.718659849210844	33.1514915252985	50.16129733969815	58.74675835739304
59	56.25531446903818	35.618229892346356	50.711195227791414	59.027000400462384
60	58.57069972382241	38.17884058394402	51.551636121219126	59.68418660516866
61	52.31869732976008	34.65435535850189	50.97811763521819	59.67479509358069
62	57.98200809136762	37.457353865285306	51.65597455405548	59.6950333364938
63	58.50879998153897	39.820726368103095	52.30977922616099	59.89134678620479
64	58.2962865309805	41.51005722732153	52.801209993054336	59.99032682943592
65	58.267272588205245	43.07172586947175	53.21519508639727	59.975560475058046
66	58.253033704167436	44.43916192885571	53.56278604080685	59.974597884367846
67	59.24283949491664	45.695153727344305	54.04678101695457	60.403650859343145
68	58.715381222522225	46.74134224719008	54.30463655375317	60.19175370866162
69	59.072226260744074	47.61236071660556	54.63495592853517	60.44327929498359
70	59.24082124984042	48.476495465966124	54.92662526064218	60.47722214618752
71	59.56483654694372	49.21653966286026	55.23902658614483	60.66109504687231
72	58.09951815417918	49.38995742168659	55.210750256529	60.30551086762236
73	55.15056907524719	46.96519791737079	54.671565384713155	60.249875725940804
74	58.9730692926485	47.9998903822578	54.976425914392905	60.40191941308497
75	58.995906458573316	48.80109773693109	55.21094899324037	60.455206234501674
76	58.436300140929184	49.2564348076029	55.301501148989814	60.37360932152659
77	58.9746919453436	49.90352270639258	55.49203044868002	60.41401587097576
78	58.8302995951818	50.39034962109711	55.623263526587934	60.459919847606834
79	58.90502994916494	50.67991705635721	55.74352088937064	60.52082328072618
80	59.59981351659298	51.08135591217157	55.97947964871363	60.88090956780727
81	59.95637607715861	51.593555015340876	56.20489250313146	60.96834962793809
82	59.07581494292022	51.73689076121944	56.22830424116395	60.80330253188849
83	58.72936469247686	51.685740213317494	56.214685723695794	60.68920712586243
84	58.00296853347773	51.268583522797016	56.08034126088582	60.56890611327111
85	59.413787249496465	51.52256103630254	56.24949683107974	60.943361347998135
86	59.25128259847836	51.82904353807437	56.31925773228456	60.83240056050803
87	60.07702586860564	52.28022003256352	56.55315288322249	61.118672549174484
88	58.69724881083953	52.12343717263492	56.452857186605996	60.87946741332951
89	59.268477209857146	52.21719944063277	56.516507092326314	60.946720362729216
90	59.719982073252964	52.548839971387515	56.652347136479754	61.07342167351085
91	61.41116252336972	53.12420931825026	56.91912689793951	61.53278995431647
92	61.574181008534644	53.11713503462631	56.927405108785834	61.6239434255129
93	61.61159512619615	53.11256244746506	56.92493544892429	61.64024615662823
94	61.625541522626456	53.11035288549951	56.921994522121764	61.64286407987746
95	61.63794492821216	53.10853849021329	56.921010691787856	61.64925727244592
96	61.64595935955628	53.10778119698579	56.92035110921	61.65233425942742
97	61.64915624312885	53.10699129049618	56.91971550594699	61.653368196974235
98	61.64860994203306	53.10643857355422	56.91876385496145	61.65178277744898
99	61.661313408830914	53.105903003760915	56.920669981237005	61.664042743163805
100	61.6606335024699	53.10559431568344	56.91998813309652	61.66294121997671
